WP_000026491.1	YP_026228.1	36.5	104	66	0	367	470	114	217	3.88e-16	74.3
WP_000026491.1	NP_415477.1	35.7	112	61	2	369	469	223	334	8.69e-13	66.2
WP_000836015.1	NP_415269.1	51.9	104	50	0	76	179	70	173	3.44e-32	111
WP_001202415.1	YP_026228.1	43.4	219	111	4	2	213	4	216	5.70e-44	144
WP_000026491.1	YP_005229368.1	34.6	104	68	0	367	470	114	217	3.07e-15	72.0
WP_000836015.1	YP_005225883.1	51.9	104	50	0	76	179	71	174	1.76e-31	109
WP_001202415.1	YP_005229368.1	43.1	216	116	4	2	213	4	216	1.64e-42	140
WP_000026491.1	NP_249524.1	40.8	103	61	0	367	469	119	221	2.65e-19	84.3
WP_000026491.1	NP_249732.1	43.8	105	57	2	367	469	103	207	2.89e-19	83.6
WP_000777878.1	NP_249732.1	33.5	155	90	3	188	331	51	203	9.10e-14	67.0
WP_000777878.1	NP_249739.1	37.5	88	54	1	249	336	195	281	3.07e-10	57.8
WP_000836015.1	NP_249664.1	56.9	123	49	2	58	177	45	166	3.16e-40	132
WP_001072402.1	NP_250152.1	28.4	194	123	6	74	254	50	240	6.91e-08	49.7
WP_001097560.1	NP_249732.1	41.9	105	59	2	55	157	103	207	1.18e-16	71.2
WP_001097560.1	NP_252382.1	35.9	103	66	0	55	157	144	246	6.42e-16	70.1
WP_001097560.1	NP_249739.1	44.1	68	38	0	89	156	212	279	3.48e-12	60.1
WP_001097560.1	NP_248768.1	33.0	106	66	3	56	157	339	443	3.41e-08	48.9
WP_001202415.1	NP_249524.1	44.2	224	106	6	2	213	5	221	2.33e-47	153
WP_001202415.1	NP_249739.1	39.4	137	81	2	76	211	143	278	2.42e-20	84.3
WP_000026491.1	WP_000731531.1	42.4	118	65	1	357	471	197	314	4.30e-22	93.6
WP_000777878.1	WP_172626057.1	41.0	100	58	1	232	331	97	195	8.18e-15	69.3
WP_000836015.1	WP_001176628.1	43.2	111	63	0	69	179	62	172	7.15e-27	97.4
WP_001044114.1	WP_000731531.1	43.6	55	30	1	169	223	229	282	9.47e-06	42.7
NP_415269.1	WP_000836015.1	51.9	104	50	0	70	173	76	179	4.90e-33	113
NP_415477.1	WP_000026491.1	35.7	112	61	2	223	334	369	469	3.09e-13	67.0
YP_026228.1	WP_001202415.1	43.7	215	116	3	4	216	2	213	4.97e-44	144
YP_026228.1	WP_000026491.1	36.9	103	65	0	114	216	367	469	7.15e-16	72.4
NP_415269.1	YP_005225883.1	96.0	174	6	1	1	173	1	174	7.83e-114	318
NP_415477.1	YP_005226165.1	85.7	356	41	2	1	346	9	364	9.11e-219	598
NP_417096.1	YP_005228296.1	74.4	160	41	0	1	160	1	160	9.51e-88	251
NP_417096.1	YP_005229368.1	32.2	118	79	1	40	157	100	216	6.79e-14	63.9
YP_026228.1	YP_005229368.1	87.7	219	27	0	1	219	1	219	9.26e-124	347
YP_026228.1	YP_005227575.1	41.3	104	60	1	116	218	436	539	2.45e-16	74.3
YP_026228.1	YP_005226601.1	42.3	104	59	1	116	218	439	542	3.77e-15	70.9
YP_026228.1	YP_005228296.1	36.1	119	75	1	100	217	40	158	1.27e-13	63.5
NP_415269.1	NP_249664.1	40.1	172	96	3	1	171	1	166	4.75e-33	113
NP_415477.1	NP_250468.1	27.9	229	115	6	147	336	130	347	1.65e-15	73.9
NP_415477.1	NP_249732.1	37.6	117	62	4	220	335	102	208	8.51e-14	67.0
NP_415477.1	NP_251590.1	36.5	126	69	4	220	345	155	269	6.21e-13	65.5
NP_416403.1	NP_253640.1	41.2	289	140	7	7	273	6	286	2.02e-62	199
NP_416403.1	NP_250152.1	28.6	259	158	10	12	264	3	240	6.87e-11	59.3
NP_417096.1	NP_249810.1	38.6	158	93	3	3	157	9	165	1.69e-35	119
NP_417096.1	NP_249732.1	39.4	104	60	3	56	157	105	207	1.17e-17	73.9
NP_417096.1	NP_249524.1	34.2	111	72	1	45	155	110	219	6.55e-13	61.6
NP_417096.1	NP_250152.1	31.3	112	71	3	50	157	131	240	2.92e-06	43.1
YP_026228.1	NP_249524.1	47.5	217	108	3	8	219	9	224	2.31e-56	176
YP_026228.1	NP_248768.1	33.8	133	83	2	88	216	312	443	1.62e-12	63.2
NP_415269.1	WP_001176628.1	59.5	173	69	1	1	173	1	172	7.47e-63	188
NP_415477.1	WP_000731531.1	33.9	345	189	14	1	332	1	319	1.52e-39	139
YP_026228.1	WP_001927630.1	45.8	225	112	4	1	219	1	221	3.64e-39	131
YP_026228.1	WP_172626057.1	36.6	112	71	0	103	214	86	197	2.03e-15	68.9
YP_005225883.1	WP_000836015.1	51.9	104	50	0	71	174	76	179	2.84e-32	111
YP_005229368.1	WP_001202415.1	43.1	216	116	4	4	216	2	213	1.45e-43	142
YP_005229368.1	WP_000026491.1	35.0	103	67	0	114	216	367	469	2.79e-14	67.8
YP_005225883.1	NP_415269.1	96.0	174	6	1	1	174	1	173	2.20e-114	319
YP_005226165.1	NP_415477.1	85.7	356	41	2	9	364	1	346	6.29e-218	596
YP_005226601.1	YP_026228.1	38.9	113	68	1	430	542	107	218	8.24e-17	76.6
YP_005227575.1	YP_026228.1	38.4	112	68	1	428	539	108	218	5.28e-18	80.1
YP_005228296.1	NP_417096.1	74.4	160	41	0	1	160	1	160	7.61e-88	251
YP_005228296.1	YP_026228.1	36.1	119	75	1	40	158	100	217	7.36e-16	68.9
YP_005229368.1	YP_026228.1	87.7	219	27	0	1	219	1	219	1.83e-124	348
YP_005229368.1	NP_417096.1	33.6	110	72	1	108	216	48	157	1.90e-11	57.4
YP_005225883.1	NP_249664.1	42.2	173	92	4	1	172	1	166	6.15e-34	115
YP_005226165.1	NP_250468.1	30.4	191	88	6	197	353	167	346	3.76e-14	70.1
YP_005226165.1	NP_249732.1	35.0	117	65	4	238	353	102	208	1.11e-12	63.9
YP_005226165.1	NP_251590.1	34.4	125	71	3	238	362	155	268	1.28e-12	64.7
YP_005226165.1	NP_248768.1	32.5	123	67	4	234	352	333	443	2.07e-06	46.6
YP_005226601.1	NP_252382.1	40.8	103	60	1	438	540	145	246	4.73e-18	81.6
YP_005226601.1	NP_248768.1	35.5	93	49	4	453	540	357	443	8.51e-08	52.0
YP_005227575.1	NP_248768.1	36.2	116	64	6	427	537	333	443	2.09e-08	53.9
YP_005228296.1	NP_249810.1	45.8	144	75	2	16	157	23	165	2.01e-39	129
YP_005228296.1	NP_249732.1	49.3	75	36	2	84	157	134	207	1.75e-15	68.2
YP_005228296.1	NP_249524.1	30.7	153	99	2	9	155	68	219	9.32e-14	63.9
YP_005229368.1	NP_249524.1	47.1	221	111	3	4	219	5	224	1.69e-56	177
YP_005229368.1	NP_248768.1	33.8	133	83	2	88	216	312	443	1.22e-09	54.7
YP_005225883.1	WP_001176628.1	59.8	174	68	2	1	174	1	172	8.97e-62	186
YP_005226165.1	WP_000731531.1	35.5	366	178	14	9	361	1	321	9.47e-45	153
YP_005226601.1	WP_001927630.1	38.1	113	69	1	430	542	109	220	1.05e-16	76.3
YP_005226601.1	WP_000731531.1	41.7	108	61	2	433	540	207	312	2.56e-15	73.9
YP_005227575.1	WP_001927630.1	48.8	80	40	1	462	541	144	222	6.43e-16	73.9
YP_005228296.1	WP_001927630.1	37.3	110	68	1	48	157	110	218	1.84e-15	67.8
YP_005229368.1	WP_001927630.1	47.1	225	109	4	1	219	1	221	1.89e-39	132
YP_005229368.1	WP_172626057.1	39.3	112	68	0	103	214	86	197	4.05e-17	73.6
NP_248768.1	WP_001097560.1	32.7	107	67	3	339	444	56	158	1.70e-06	44.7
NP_249524.1	WP_001202415.1	44.2	224	106	6	5	221	2	213	1.98e-45	148
NP_249524.1	WP_000026491.1	40.8	103	61	0	119	221	367	469	3.82e-19	82.4
NP_249664.1	WP_000836015.1	60.7	112	42	2	56	166	67	177	2.82e-39	129
NP_249732.1	WP_000026491.1	43.8	105	57	2	103	207	367	469	2.01e-19	82.4
NP_249732.1	WP_001097560.1	41.9	105	59	2	103	207	55	157	2.63e-16	70.1
NP_249732.1	WP_000777878.1	38.9	108	63	2	102	207	229	335	3.32e-14	67.0
NP_249739.1	WP_001202415.1	39.4	137	81	2	143	278	76	211	5.47e-21	85.9
NP_249739.1	WP_001097560.1	44.1	68	38	0	212	279	89	156	4.89e-11	57.0
NP_249739.1	WP_000777878.1	37.5	88	54	1	195	281	249	336	2.81e-10	57.0
NP_250152.1	WP_001072402.1	32.3	127	79	3	117	240	132	254	6.23e-09	52.4
NP_252382.1	WP_001097560.1	35.9	103	66	0	144	246	55	157	1.73e-15	68.9
NP_248768.1	YP_026228.1	33.8	133	83	2	312	443	88	216	5.88e-12	62.0
NP_249524.1	YP_026228.1	47.5	217	108	3	9	224	8	219	1.63e-54	171
NP_249524.1	NP_417096.1	34.2	111	72	1	110	219	45	155	1.75e-11	57.8
NP_249664.1	NP_415269.1	42.0	157	83	3	16	166	17	171	4.69e-30	105
NP_249732.1	NP_417096.1	39.4	104	60	3	105	207	56	157	1.14e-16	71.2
NP_249732.1	NP_415477.1	37.6	117	62	4	102	208	220	335	2.35e-13	64.7
NP_249810.1	NP_417096.1	40.3	144	83	2	23	165	16	157	5.08e-35	117
NP_250152.1	NP_416403.1	28.5	249	149	9	14	240	23	264	3.76e-10	56.6
NP_250152.1	NP_417096.1	31.0	113	72	3	131	241	50	158	1.30e-05	41.6
NP_250468.1	NP_415477.1	28.5	193	97	5	139	329	156	309	8.07e-13	65.5
NP_251590.1	NP_415477.1	36.8	125	68	4	155	268	220	344	8.52e-13	64.3
NP_253640.1	NP_416403.1	41.4	290	135	6	7	286	9	273	1.16e-62	199
NP_248768.1	YP_005229368.1	33.8	133	83	2	312	443	88	216	9.07e-10	55.8
NP_248768.1	YP_005227575.1	36.2	116	64	6	333	443	427	537	5.17e-06	45.8
NP_248768.1	YP_005226601.1	35.5	93	49	4	357	443	453	540	1.57e-05	44.3
NP_248768.1	YP_005226165.1	32.5	123	67	4	333	443	234	352	3.82e-05	42.7
NP_249524.1	YP_005229368.1	47.1	221	111	3	5	224	4	219	8.43e-54	170
NP_249524.1	YP_005228296.1	48.5	68	34	1	153	219	88	155	3.01e-11	57.4
NP_249664.1	YP_005225883.1	42.2	173	92	4	1	166	1	172	2.14e-30	106
NP_249732.1	YP_005228296.1	49.3	75	36	2	134	207	84	157	5.54e-15	67.0
NP_249732.1	YP_005226165.1	33.3	117	67	3	102	208	238	353	1.94e-12	62.4
NP_249810.1	YP_005228296.1	45.8	144	75	2	23	165	16	157	3.78e-39	128
NP_250468.1	YP_005226165.1	25.0	300	150	10	57	345	117	352	1.97e-12	64.7
NP_251590.1	YP_005226165.1	34.4	125	71	3	155	268	238	362	4.63e-13	65.5
NP_252382.1	YP_005226601.1	40.8	103	60	1	145	246	438	540	7.19e-17	77.0
NP_248768.1	WP_000731531.1	41.0	105	57	2	340	443	212	312	8.19e-12	62.8
NP_249524.1	WP_001927630.1	42.1	145	83	1	81	224	77	221	3.86e-29	106
NP_249524.1	WP_172626057.1	32.1	131	88	1	92	221	69	199	1.36e-13	64.3
NP_249524.1	WP_001176628.1	35.4	99	64	0	119	217	70	168	4.95e-11	56.6
NP_249664.1	WP_001176628.1	49.1	110	55	1	58	166	61	170	1.80e-28	100
NP_249732.1	WP_000731531.1	49.5	103	50	2	105	207	212	312	5.08e-22	88.6
NP_249732.1	WP_172626057.1	40.8	103	59	2	103	205	97	197	1.22e-15	69.3
NP_249739.1	WP_000731531.1	38.2	123	66	1	160	282	202	314	4.88e-19	82.4
NP_250152.1	WP_000731531.1	29.1	206	106	6	37	240	145	312	7.53e-12	61.6
NP_250468.1	WP_000023794.1	35.6	177	108	4	170	345	22	193	1.33e-24	96.7
NP_250468.1	WP_000731531.1	37.3	177	73	5	176	342	161	309	4.89e-23	94.7
NP_250468.1	WP_172626057.1	36.2	116	67	2	230	342	85	196	2.71e-14	67.8
WP_000731531.1	WP_000026491.1	34.8	161	93	2	152	312	321	469	4.92e-20	87.0
WP_000731531.1	WP_001044114.1	43.6	55	30	1	229	282	169	223	1.55e-04	39.3
WP_001176628.1	WP_000836015.1	45.6	103	56	0	70	172	77	179	1.79e-26	96.3
WP_172626057.1	WP_000777878.1	41.0	100	58	1	97	195	232	331	1.32e-15	70.9
WP_000731531.1	NP_415477.1	33.5	343	193	13	1	319	1	332	9.28e-36	129
WP_001176628.1	NP_415269.1	59.5	173	69	1	1	172	1	173	1.37e-61	185
WP_001927630.1	YP_026228.1	45.8	225	112	4	1	221	1	219	1.68e-41	137
WP_172626057.1	YP_026228.1	36.6	112	71	0	86	197	103	214	2.16e-16	71.6
WP_000731531.1	YP_005226165.1	35.1	353	184	13	1	319	9	350	1.91e-41	145
WP_000731531.1	YP_005226601.1	42.5	106	59	2	207	310	433	538	5.37e-12	63.5
WP_001176628.1	YP_005225883.1	59.8	174	68	2	1	172	1	174	5.84e-60	181
WP_001927630.1	YP_005229368.1	46.9	226	110	4	1	222	1	220	2.16e-41	137
WP_001927630.1	YP_005226601.1	48.7	78	39	1	144	220	465	542	2.97e-15	71.2
WP_001927630.1	YP_005227575.1	48.8	80	40	1	144	222	462	541	1.82e-14	68.9
WP_001927630.1	YP_005228296.1	37.3	110	68	1	110	218	48	157	9.67e-14	63.9
WP_172626057.1	YP_005229368.1	39.3	112	68	0	86	197	103	214	1.00e-18	78.2
WP_000023794.1	NP_250468.1	37.7	159	96	3	37	193	188	345	1.29e-26	102
WP_000731531.1	NP_250468.1	36.7	180	76	5	161	312	176	345	1.21e-21	91.3
WP_000731531.1	NP_249732.1	49.5	103	50	2	212	312	105	207	8.28e-20	83.6
WP_000731531.1	NP_249739.1	39.2	120	63	1	202	311	160	279	4.87e-17	77.4
WP_000731531.1	NP_248768.1	41.0	105	57	2	212	312	340	443	3.94e-11	60.8
WP_000731531.1	NP_250152.1	39.0	105	59	3	212	312	137	240	1.95e-09	55.1
WP_001176628.1	NP_249664.1	40.1	172	95	4	1	170	1	166	5.19e-29	102
WP_001176628.1	NP_249524.1	35.7	98	63	0	70	167	119	216	8.32e-12	58.9
WP_001927630.1	NP_249524.1	42.1	145	83	1	77	221	81	224	3.78e-30	109
WP_172626057.1	NP_249732.1	40.8	103	59	2	97	197	103	205	6.99e-16	70.5
WP_172626057.1	NP_250468.1	35.4	113	72	1	85	196	230	342	8.12e-16	72.0
WP_172626057.1	NP_249524.1	32.1	131	88	1	69	199	92	221	1.94e-14	67.0
